20220117073500110024
20220117073500110024
20220117073500110024
20220117073500110024
20220117073500110024
20220117073500110024
20220117073500110024
20220117114532110024
20220117114442110024
20220117111508110024
20220117082836110024
20220117082830110024
20220117074952110024
20220117074641110024
20220117074641110024
20220117074629110024
20220117074612110024
20220117074603110024
20220117074449110024
20220117074430110024
20220117074430110024
20220117074422110024
20220117074406110024
20220117074405110024
20220117074357110024
20220117074351110024
20220117074343110024
20220117074343110024
20220117074335110024
20220117074335110024
20220117074329110024
20220117074323110024
20220117074314110024
20220117074245110024
20220117074239110024
20220117074234110024
20220117074207110024
20220117074128110024
20220117074123110024
20220117074117110024
20220117074111110024
20220117074104110024
20220117074048110024
20220117074042110024
20220117074037110024
20220117074006110024
20220117073953110024
20220117073947110024
20220117073941110024
20220117073935110024
20220117073920110024
20220117073914110024
20220117073908110024
20220117073902110024
20220117073855110024
20220117073849110024
20220117073843110024
20220117073838110024
20220117073833110024
20220117073827110024
20220117073821110024
20220117073815110024
20220117073810110024
20220117073805110024
20220117073759110024
20220117073754110024
20220117073753110024
20220117073748110024
20220117073740110024
20220117073735110024
20220117073731110024
20220117073647110024
20220117073631110024
20220117073626110024
20220117073621110024
20220117073606110024
20220117073600110024
20220117073554110024
20220117073554110024
20220117073545110024
20220117073535110024
20220117073523110024
20220117073518110024
20220117073512110024
20220117073506110024
20220117073454110024
20220117073450110024
20220117073445110024
20220117073440110024
20220117073433110024
20220117073427110024
20220117073418110024
20220117073411110024
20220117073405110024
20220117073357110024
20220117073311110024
20220117073303110024
20220117073258110024
20220117073253110024
20220117073247110024
20220117073229110024
20220117073200110024
20220117073102110024
20220117073040110024
20220117073023110024
20220117073016110024
20220117072924110024
20220117072917110024
20220117072911110024
20220117072905110024
20220117072900110024
20220117072854110024
20220117072848110024
20220117072836110024
20220117072801110024
20220117072754110024
20220117072648110024
20220117072446110024
20220117072409110024
20220117072400110024
20220117072319110024
20220117072313110024
20220117072258110024
20220117072252110024
20220117072246110024
20220117072237110024
20220117072140110024
20220117072135110024
20220117072129110024
20220117072124110024
20220117072118110024
20220117072112110024
20220117072105110024
20220117114532089062
20220117114442110037
202201171115082021003
20220117082836110005
20220117082830110005
20220117074952110045
20220117074641088009
20220117074641088009
20220117074629095039
20220117074612090014
20220117074603091009
20220117074449091013
20220117074430099072
20220117074430099072
20220117074422110049
20220117074406106006
20220117074405106006
20220117074357110020
20220117074351096001
20220117074343106006
20220117074343106006
20220117074335095001
20220117074335095001
20220117074329110046
20220117074323109005
20220117074314110022
20220117074245102011
20220117074239102053
20220117074234101003
20220117074207110009
20220117074128110024
20220117074123108026
20220117074117088014
20220117074111108009
20220117074104108002
20220117074048110047
20220117074042110007
20220117074037110023
20220117074006110031
20220117073953109012
20220117073947092037
20220117073941092056
20220117073935108043
20220117073920109008
20220117073914095017
20220117073908110032
20220117073902103005
20220117073855096007
20220117073849088006
20220117073843110025
20220117073838110010
20220117073833088013
20220117073827104043
20220117073821110021
20220117073815108040
20220117073810110012
20220117073805107020
20220117073759106071
20220117073754100018
20220117073753100018
20220117073748108003
20220117073740109022
20220117073735104002
20220117073731088053
20220117073647088046
20220117073631109015
20220117073626110036
20220117073621104004
20220117073606110039
20220117073600108018
20220117073554102013
20220117073554102013
20220117073545103029
20220117073535107019
20220117073523110037
20220117073518099070
20220117073512090019
20220117073506110006
20220117073454110004
20220117073450107009
20220117073445110002
20220117073440110027
20220117073433110003
20220117073427097013
20220117073418095023
20220117073411088059
20220117073405110015
20220117073357094025
20220117073311108006
20220117073303109017
20220117073258109006
20220117073253094043
20220117073247110048
20220117073229110001
20220117073200106073
20220117073102098003
20220117073040100049
20220117073023108044
20220117073016102019
20220117072924088071
20220117072917110043
20220117072911110038
20220117072905110014
20220117072900110016
20220117072854098012
20220117072848109023
20220117072836088066
20220117072801107034
20220117072754088012
20220117072648110050
20220117072446101066
20220117072409111001
20220117072400110052
20220117072319105023
20220117072313088007
20220117072258099022
20220117072252106012
20220117072246101021
20220117072237109013
20220117072140108008
20220117072135094010
20220117072129110040
20220117072124108019
20220117072118093034
20220117072112095022
20220117072105090023
